{
  "advancedEditorSelectedIdentifier" : "ProjectBrowser",
  "openSceneRelativePaths" : [
    "Immersive.usda"
  ],
  "recentIdentifiers" : {
    "AF09ED6F-1707-48FD-8720-65B998362C09" : [

    ]
  },
  "sceneCameraHistory" : {
    "2B77EF91-9CA2-429F-9466-B46D2513DC9E" : [
      {
        "date" : 735001705.508809,
        "title" : "Untitled",
        "transform" : [
          0.99999994,
          0,
          -0,
          0,
          -0,
          0.8660254,
          -0.49999988,
          0,
          0,
          0.49999988,
          0.8660254,
          0,
          0,
          0.21217544,
          0.36749873,
          1
        ]
      }
    ],
    "AF09ED6F-1707-48FD-8720-65B998362C09" : [
      {
        "date" : 735034288.142279,
        "title" : "Untitled",
        "transform" : [
          -0.9244643,
          6.316845e-09,
          -0.38126856,
          0,
          -0.19878827,
          0.85332066,
          0.4820031,
          0,
          0.32534438,
          0.5213863,
          -0.7888645,
          0,
          -0.33231804,
          2.218511,
          -4.818857,
          1
        ]
      },
      {
        "date" : 735034271.335991,
        "title" : "Untitled",
        "transform" : [
          -0.9244643,
          6.316845e-09,
          -0.38126856,
          0,
          -0.19878827,
          0.85332066,
          0.4820031,
          0,
          0.32534438,
          0.5213863,
          -0.7888645,
          0,
          -1.7746954,
          5.3371077,
          -19.223873,
          1
        ]
      },
      {
        "date" : 735004316.839028,
        "title" : "Untitled",
        "transform" : [
          -0.9244643,
          6.316845e-09,
          -0.38126856,
          0,
          -0.19878827,
          0.85332066,
          0.4820031,
          0,
          0.32534438,
          0.5213863,
          -0.7888645,
          0,
          -0.6684926,
          2.010383,
          -7.2412534,
          1
        ]
      },
      {
        "date" : 735004309.418445,
        "title" : "Untitled",
        "transform" : [
          -0.99798185,
          9.173748e-09,
          0.06349965,
          0,
          0.023785718,
          0.9271943,
          0.37382475,
          0,
          -0.058876485,
          0.37458065,
          -0.92532307,
          0,
          -3.1231127,
          1.1759121,
          -6.3795996,
          1
        ]
      },
      {
        "date" : 735004260.813626,
        "title" : "Untitled",
        "transform" : [
          -0.99798185,
          9.173748e-09,
          0.06349965,
          0,
          0.023785718,
          0.9271943,
          0.37382475,
          0,
          -0.058876485,
          0.37458065,
          -0.92532307,
          0,
          -2.3890948,
          1.2520819,
          -5.2327585,
          1
        ]
      },
      {
        "date" : 735004258.841571,
        "title" : "Untitled",
        "transform" : [
          -0.99798185,
          9.173748e-09,
          0.06349965,
          0,
          0.023785718,
          0.9271943,
          0.37382475,
          0,
          -0.058876485,
          0.37458065,
          -0.92532307,
          0,
          -1.7187896,
          1.2795599,
          -4.177563,
          1
        ]
      },
      {
        "date" : 735004256.49522,
        "title" : "Untitled",
        "transform" : [
          -0.99798185,
          9.173748e-09,
          0.06349965,
          0,
          0.023785718,
          0.9271943,
          0.37382475,
          0,
          -0.058876485,
          0.37458065,
          -0.92532307,
          0,
          -13.499395,
          2.7995458,
          -23.936018,
          1
        ]
      },
      {
        "date" : 735004251.523319,
        "title" : "Untitled",
        "transform" : [
          0.63602734,
          9.2168e-09,
          0.77166647,
          0,
          0.3217608,
          0.9089208,
          -0.26520348,
          0,
          -0.70138377,
          0.41696867,
          0.5780985,
          0,
          -17.72747,
          4.0872517,
          28.36328,
          1
        ]
      },
      {
        "date" : 735004242.742008,
        "title" : "Untitled",
        "transform" : [
          -0.63599485,
          -1.1970164e-10,
          0.7716934,
          0,
          0.52446085,
          0.73356116,
          0.43223694,
          0,
          -0.5660842,
          0.6796233,
          -0.46654105,
          0,
          -2.2794251,
          3.0643096,
          -2.909189,
          1
        ]
      },
      {
        "date" : 735004230.005457,
        "title" : "Untitled",
        "transform" : [
          -0.83220655,
          -2.316189e-09,
          0.5544656,
          0,
          0.31588933,
          0.82183987,
          0.4741235,
          0,
          -0.45568195,
          0.5697185,
          -0.68394053,
          0,
          -0.29899102,
          1.7712485,
          -2.6601677,
          1
        ]
      }
    ]
  },
  "selectedSceneRelativePath" : "Immersive.usda"
}